f 91 177 175
f 50 33 37
f 174 176 92
f 86 12 13
f 21 1 5
f 15 11 85
f 133 91 175
f 175 177 133
f 22 2 27
f 200 66 31
f 35 66 200
f 88 11 15
f 136 174 92
f 5 1 68
f 68 1 21
f 37 80 50
f 45 28 33
f 45 31 28
f 31 58 200
f 58 35 200
f 31 45 58
f 148 35 187
f 35 58 187
f 102 148 117
f 148 187 117
f 102 70 171
f 70 102 117
f 185 171 40
f 70 40 171
f 185 49 10
f 40 49 185
f 48 125 10
f 10 49 48
f 132 125 186
f 186 125 48
f 132 142 110
f 142 132 186
f 110 104 179
f 142 104 110
f 179 72 91
f 91 72 177
f 179 104 72
f 176 173 139
f 139 92 176
f 50 51 33
f 50 165 51
f 33 51 45
f 152 165 123
f 165 152 51
f 20 123 170
f 123 20 152
f 184 74 170
f 74 20 170
f 184 9 155
f 74 184 155
f 9 124 122
f 155 9 122
f 124 131 39
f 39 122 124
f 131 109 190
f 39 131 190
f 114 34 109
f 109 34 190
f 93 114 92
f 93 92 139
f 34 114 93
f 173 177 69
f 177 72 69
f 69 139 173
f 104 180 72
f 139 180 93
f 180 69 72
f 69 180 139
f 45 6 58
f 187 58 6
f 6 45 51
f 51 152 6
f 117 187 60
f 60 152 20
f 60 187 6
f 60 6 152
f 161 70 117
f 60 161 117
f 70 82 40
f 82 74 155
f 70 161 82
f 40 163 49
f 163 155 122
f 40 82 163
f 163 82 155
f 53 48 49
f 53 122 39
f 49 163 53
f 163 122 53
f 186 48 41
f 190 41 39
f 41 48 53
f 39 41 53
f 96 142 186
f 34 96 190
f 186 41 96
f 96 41 190
f 172 104 142
f 172 34 93
f 104 172 180
f 180 172 93
f 172 142 96
f 172 96 34
f 103 20 74
f 60 20 103
f 103 161 60
f 74 82 103
f 103 82 161
f 4 168 5
f 5 168 21
f 113 4 3
f 4 113 168
f 2 76 3
f 76 2 22
f 76 113 3
f 146 22 100
f 76 22 146
f 29 100 17
f 146 100 29
f 17 196 78
f 29 17 78
f 112 196 121
f 78 196 112
f 8 199 121
f 121 199 112
f 118 8 194
f 118 199 8
f 194 84 63
f 63 118 194
f 178 84 19
f 63 84 178
f 167 19 47
f 178 19 167
f 47 86 191
f 191 86 13
f 191 167 47
f 14 15 198
f 198 15 85
f 99 21 181
f 21 168 181
f 16 99 52
f 99 181 52
f 79 195 16
f 79 16 52
f 195 97 120
f 195 79 97
f 120 169 7
f 97 169 120
f 7 44 193
f 169 44 7
f 188 83 193
f 188 193 44
f 18 83 189
f 189 83 188
f 18 144 46
f 18 189 144
f 85 46 164
f 198 85 164
f 46 144 164
f 14 140 13
f 191 13 140
f 14 198 140
f 25 113 76
f 25 76 146
f 126 146 29
f 25 146 126
f 112 137 78
f 97 79 137
f 106 112 199
f 97 106 169
f 106 137 112
f 106 97 137
f 118 197 199
f 197 44 169
f 199 197 106
f 106 197 169
f 118 63 38
f 44 38 188
f 118 38 197
f 44 197 38
f 129 63 178
f 188 129 189
f 129 38 63
f 38 129 188
f 178 167 90
f 90 144 189
f 164 144 90
f 90 129 178
f 189 129 90
f 167 191 62
f 164 62 198
f 62 191 140
f 198 62 140
f 90 167 62
f 62 164 90
f 113 150 168
f 168 150 181
f 181 150 52
f 113 25 150
f 150 126 52
f 25 126 150
f 78 26 29
f 79 52 26
f 26 126 29
f 52 126 26
f 26 78 137
f 79 26 137
f 100 22 73
f 73 22 27
f 100 154 17
f 73 154 100
f 147 196 17
f 17 154 147
f 121 196 32
f 196 147 32
f 8 121 42
f 32 42 121
f 8 108 194
f 108 8 42
f 166 84 194
f 108 166 194
f 19 84 130
f 130 84 166
f 19 43 47
f 43 19 130
f 141 86 47
f 141 47 43
f 115 12 86
f 115 157 12
f 86 141 115
f 91 105 179
f 105 91 133
f 105 133 157
f 115 105 157
f 115 141 105
f 148 59 35
f 73 59 154
f 75 148 102
f 147 154 75
f 75 59 148
f 154 59 75
f 171 182 102
f 182 32 147
f 182 75 102
f 147 75 182
f 185 116 171
f 116 42 32
f 182 171 116
f 32 182 116
f 10 55 185
f 108 42 55
f 55 116 185
f 55 42 116
f 10 125 98
f 166 108 98
f 98 55 10
f 98 108 55
f 101 125 132
f 130 166 101
f 125 101 98
f 101 166 98
f 132 110 56
f 130 56 43
f 56 101 132
f 130 101 56
f 156 110 179
f 156 141 43
f 179 105 156
f 141 156 105
f 156 56 110
f 156 43 56
f 145 66 35
f 145 27 66
f 145 73 27
f 35 59 145
f 73 145 59
f 57 21 99
f 57 68 21
f 68 57 80
f 16 128 99
f 99 128 57
f 195 77 16
f 77 128 16
f 120 127 195
f 127 77 195
f 120 7 30
f 127 120 30
f 193 119 7
f 119 30 7
f 193 83 143
f 119 193 143
f 149 83 18
f 143 83 149
f 18 46 162
f 149 18 162
f 36 46 85
f 162 46 36
f 85 11 192
f 192 11 88
f 192 36 85
f 54 136 92
f 136 54 88
f 54 192 88
f 192 54 36
f 61 165 50
f 80 61 50
f 57 61 80
f 57 128 61
f 123 165 111
f 77 111 128
f 165 61 111
f 61 128 111
f 170 123 138
f 138 77 127
f 138 123 111
f 77 138 111
f 170 23 184
f 23 170 138
f 127 23 138
f 184 107 9
f 107 127 30
f 184 23 107
f 23 127 107
f 183 124 9
f 30 119 183
f 9 107 183
f 183 107 30
f 151 131 124
f 143 151 119
f 151 124 183
f 151 183 119
f 131 95 109
f 149 95 143
f 151 95 131
f 151 143 95
f 109 94 114
f 149 162 94
f 109 95 94
f 94 95 149
f 92 114 153
f 153 162 36
f 54 92 153
f 54 153 36
f 153 114 94
f 162 153 94
f 24 136 88
f 176 174 65
f 174 136 65
f 24 65 136
f 134 173 176
f 176 65 134
f 24 134 65
f 177 173 135
f 133 177 135
f 135 173 134
f 12 158 13
f 157 158 12
f 133 158 157
f 135 158 133
f 159 15 14
f 15 159 88
f 159 24 88
f 134 24 159
f 13 160 14
f 134 160 135
f 13 158 160
f 135 160 158
f 14 160 159
f 134 159 160
f 37 33 81
f 81 80 37
f 81 68 80
f 33 28 89
f 81 33 89
f 31 87 28
f 66 87 31
f 28 87 89
f 3 71 2
f 27 2 71
f 27 71 66
f 71 87 66
f 5 64 4
f 64 5 68
f 64 68 81
f 64 81 89
f 3 4 67
f 87 67 89
f 71 3 67
f 71 67 87
f 4 64 67
f 64 89 67