f 421 308 311
f 297 191 253
f 420 309 313
f 288 37 42
f 3 289 1
f 287 38 36
f 42 37 418
f 311 465 421
f 308 465 311
f 130 2 7
f 130 290 2
f 490 246 264
f 192 490 264
f 417 36 38
f 420 461 309
f 1 72 3
f 289 72 1
f 487 191 297
f 253 249 245
f 283 251 245
f 245 249 283
f 248 247 251
f 251 283 248
f 244 246 247
f 247 248 244
f 246 214 264
f 192 264 214
f 214 246 244
f 192 112 69
f 192 214 112
f 470 69 32
f 32 69 112
f 441 470 479
f 479 470 32
f 441 496 457
f 479 496 441
f 64 457 104
f 457 496 104
f 206 148 64
f 64 104 206
f 316 215 148
f 148 206 316
f 364 215 440
f 440 215 316
f 19 364 503
f 503 364 440
f 19 195 201
f 503 195 19
f 332 347 201
f 201 195 332
f 471 412 347
f 471 347 332
f 452 412 73
f 73 412 471
f 134 51 452
f 134 452 73
f 51 200 118
f 134 200 51
f 179 118 85
f 118 200 85
f 62 179 140
f 179 85 140
f 62 482 421
f 421 482 308
f 140 482 62
f 314 234 313
f 313 234 420
f 231 314 310
f 314 231 234
f 312 232 310
f 231 310 232
f 253 191 108
f 88 108 191
f 253 108 249
f 88 447 508
f 508 108 88
f 443 455 447
f 455 508 447
f 459 472 443
f 455 443 472
f 66 489 459
f 489 472 459
f 133 66 150
f 489 66 133
f 318 228 150
f 228 133 150
f 368 339 318
f 339 228 318
f 24 477 368
f 339 368 477
f 81 24 205
f 81 477 24
f 240 219 205
f 205 219 81
f 372 240 414
f 372 219 240
f 414 454 430
f 430 372 414
f 52 481 454
f 481 430 454
f 87 52 120
f 481 52 87
f 180 57 120
f 57 87 120
f 129 180 63
f 57 180 129
f 420 494 63
f 420 234 494
f 494 129 63
f 233 312 308
f 482 233 308
f 312 233 232
f 283 242 248
f 243 244 248
f 248 242 243
f 244 193 214
f 214 193 112
f 243 193 244
f 105 32 112
f 112 193 105
f 83 479 32
f 83 32 105
f 71 496 479
f 479 83 71
f 132 104 496
f 496 71 132
f 206 104 227
f 227 104 132
f 334 316 206
f 334 206 227
f 440 316 473
f 473 316 334
f 440 151 503
f 473 151 440
f 319 195 503
f 503 151 319
f 332 195 369
f 369 195 319
f 332 25 471
f 369 25 332
f 111 73 471
f 25 111 471
f 173 134 73
f 173 73 111
f 134 221 200
f 134 173 221
f 85 200 298
f 200 221 298
f 140 85 177
f 177 85 298
f 252 482 140
f 233 482 252
f 177 252 140
f 194 283 249
f 194 249 108
f 194 108 508
f 283 194 242
f 231 232 376
f 234 231 436
f 494 234 436
f 376 436 231
f 442 455 472
f 232 233 468
f 468 233 252
f 252 177 468
f 232 468 376
f 508 455 446
f 508 446 194
f 446 455 442
f 458 472 489
f 458 442 472
f 65 489 133
f 458 489 65
f 149 133 228
f 133 149 65
f 339 317 228
f 149 228 317
f 366 339 477
f 317 339 366
f 22 477 81
f 22 366 477
f 81 219 203
f 81 203 22
f 239 219 372
f 203 219 239
f 413 372 430
f 413 239 372
f 481 453 430
f 413 430 453
f 87 142 481
f 453 481 142
f 119 87 57
f 119 142 87
f 178 57 129
f 494 178 129
f 436 178 494
f 119 57 178
f 243 242 263
f 422 193 243
f 105 193 422
f 263 422 243
f 105 362 83
f 105 422 362
f 83 381 71
f 83 362 381
f 71 438 132
f 381 438 71
f 132 493 227
f 132 438 493
f 136 334 227
f 493 136 227
f 334 294 473
f 136 294 334
f 427 151 473
f 427 473 294
f 113 319 151
f 151 427 113
f 174 369 319
f 174 319 113
f 326 25 369
f 369 174 326
f 25 375 111
f 326 375 25
f 173 111 53
f 375 53 111
f 486 221 173
f 173 53 486
f 298 221 456
f 456 221 486
f 442 437 446
f 149 99 65
f 99 493 438
f 317 197 149
f 493 197 136
f 99 149 197
f 99 197 493
f 337 317 366
f 136 337 294
f 337 197 317
f 337 136 197
f 476 366 22
f 476 427 294
f 337 366 476
f 337 476 294
f 22 203 80
f 22 80 476
f 239 217 203
f 217 174 113
f 80 203 217
f 413 370 239
f 370 326 174
f 217 239 370
f 370 174 217
f 429 413 453
f 326 429 375
f 429 370 413
f 370 429 326
f 480 453 142
f 480 53 375
f 429 453 480
f 429 480 375
f 86 142 119
f 486 53 86
f 480 142 86
f 480 86 53
f 119 178 56
f 56 456 486
f 119 56 86
f 486 86 56
f 458 65 488
f 488 438 381
f 99 488 65
f 488 99 438
f 458 435 442
f 362 435 381
f 437 442 435
f 458 488 435
f 381 435 488
f 224 177 298
f 224 468 177
f 224 376 468
f 456 224 298
f 224 456 56
f 70 436 376
f 178 436 70
f 56 178 70
f 70 376 224
f 224 56 70
f 194 315 242
f 446 315 194
f 263 242 315
f 446 437 315
f 437 263 315
f 235 422 263
f 362 422 235
f 235 263 437
f 362 235 435
f 437 435 235
f 427 431 113
f 427 476 431
f 476 80 431
f 217 113 431
f 217 431 80
f 4 344 3
f 289 3 344
f 4 5 345
f 344 4 345
f 342 5 6
f 345 5 342
f 7 343 6
f 6 343 342
f 7 2 325
f 2 290 325
f 325 343 7
f 44 74 290
f 290 74 325
f 331 44 285
f 331 74 44
f 285 34 95
f 95 331 285
f 281 330 34
f 34 330 95
f 30 93 281
f 281 93 330
f 30 278 328
f 93 30 328
f 91 278 27
f 91 328 278
f 27 275 259
f 27 259 91
f 504 275 18
f 259 275 504
f 257 18 272
f 257 504 18
f 272 15 501
f 272 501 257
f 269 255 15
f 15 255 501
f 12 499 269
f 269 499 255
f 12 266 262
f 262 499 12
f 506 266 9
f 262 266 506
f 361 9 292
f 361 506 9
f 292 46 131
f 361 292 131
f 288 359 46
f 288 42 359
f 359 131 46
f 303 39 38
f 303 38 287
f 39 304 40
f 39 303 304
f 301 41 40
f 301 40 304
f 397 43 289
f 289 344 397
f 284 43 157
f 397 157 43
f 33 284 395
f 157 395 284
f 33 155 280
f 33 395 155
f 29 280 393
f 280 155 393
f 29 153 277
f 29 393 153
f 26 277 391
f 153 391 277
f 26 170 274
f 26 391 170
f 407 17 274
f 170 407 274
f 271 17 167
f 167 17 407
f 271 403 14
f 271 167 403
f 164 268 14
f 164 14 403
f 268 401 11
f 164 401 268
f 11 162 265
f 11 401 162
f 265 399 8
f 399 265 162
f 291 8 160
f 8 399 160
f 291 398 45
f 291 160 398
f 45 484 287
f 303 287 484
f 398 484 45
f 42 41 302
f 42 302 359
f 302 41 301
f 345 342 159
f 345 158 344
f 344 158 397
f 157 397 158
f 345 159 158
f 343 325 123
f 123 325 74
f 95 433 331
f 331 241 74
f 74 241 123
f 433 241 331
f 95 330 207
f 433 95 207
f 432 330 93
f 207 330 432
f 208 93 328
f 432 93 208
f 328 91 434
f 434 208 328
f 91 259 147
f 434 91 147
f 504 390 259
f 259 390 147
f 146 504 257
f 146 390 504
f 501 389 257
f 257 389 146
f 145 501 255
f 145 389 501
f 388 255 499
f 388 145 255
f 144 499 262
f 499 144 388
f 506 387 262
f 262 387 144
f 230 506 361
f 230 387 506
f 469 361 131
f 361 469 230
f 359 143 131
f 359 302 143
f 143 302 301
f 143 469 131
f 485 304 303
f 484 485 303
f 304 483 301
f 143 301 483
f 483 469 143
f 304 485 483
f 286 395 157
f 286 157 158
f 155 395 35
f 395 286 35
f 282 393 155
f 155 35 282
f 153 393 31
f 31 393 282
f 279 391 153
f 153 31 279
f 170 391 28
f 28 391 279
f 276 407 170
f 170 28 276
f 21 167 407
f 276 21 407
f 403 167 273
f 21 273 167
f 403 16 164
f 403 273 16
f 270 401 164
f 164 16 270
f 13 162 401
f 13 401 270
f 162 267 399
f 13 267 162
f 10 160 399
f 10 399 267
f 398 160 293
f 293 484 398
f 293 485 484
f 10 293 160
f 137 342 343
f 159 342 137
f 343 123 137
f 92 432 208
f 432 329 207
f 432 92 329
f 433 207 94
f 94 207 329
f 327 208 434
f 327 92 208
f 434 147 90
f 434 90 327
f 390 258 147
f 147 258 90
f 146 502 390
f 258 390 502
f 146 389 256
f 146 256 502
f 500 389 145
f 500 256 389
f 254 145 388
f 254 500 145
f 388 144 498
f 254 388 498
f 387 261 144
f 498 144 261
f 230 505 387
f 387 505 261
f 230 469 360
f 469 483 360
f 230 360 505
f 286 396 35
f 159 260 158
f 158 260 286
f 260 396 286
f 94 396 260
f 35 156 282
f 156 94 329
f 396 156 35
f 94 156 396
f 394 31 282
f 329 92 394
f 282 156 394
f 329 394 156
f 154 279 31
f 154 92 327
f 31 394 154
f 394 92 154
f 279 392 28
f 90 392 327
f 392 279 154
f 327 392 154
f 172 276 28
f 172 90 258
f 172 28 392
f 392 90 172
f 409 21 276
f 502 409 258
f 172 409 276
f 258 409 172
f 273 21 169
f 502 256 169
f 21 409 169
f 502 169 409
f 273 404 16
f 256 500 404
f 404 273 169
f 404 169 256
f 270 16 165
f 254 165 500
f 165 16 404
f 500 165 404
f 13 270 402
f 254 498 402
f 402 270 165
f 254 402 165
f 13 163 267
f 261 163 498
f 402 163 13
f 498 163 402
f 400 10 267
f 505 400 261
f 267 163 400
f 261 400 163
f 161 293 10
f 161 505 360
f 10 400 161
f 161 400 505
f 123 241 305
f 241 433 305
f 137 305 159
f 137 123 305
f 94 305 433
f 305 260 159
f 94 260 305
f 483 485 250
f 250 485 293
f 483 250 360
f 161 250 293
f 161 360 250
f 424 44 290
f 285 44 507
f 44 424 507
f 229 34 285
f 285 507 229
f 380 281 34
f 380 34 229
f 281 107 30
f 380 107 281
f 307 278 30
f 107 307 30
f 27 278 475
f 278 307 475
f 171 275 27
f 475 171 27
f 18 275 408
f 408 275 171
f 272 18 168
f 18 408 168
f 324 15 272
f 168 324 272
f 78 269 15
f 78 15 324
f 269 322 12
f 78 322 269
f 449 266 12
f 12 322 449
f 9 266 139
f 139 266 449
f 292 9 296
f 9 139 296
f 48 46 292
f 296 48 292
f 46 115 288
f 46 48 115
f 122 37 288
f 418 37 122
f 288 115 122
f 58 353 418
f 58 418 122
f 421 465 184
f 465 353 184
f 184 353 58
f 69 383 192
f 192 383 490
f 341 69 470
f 341 383 69
f 356 470 441
f 470 356 341
f 385 441 457
f 441 385 356
f 444 457 64
f 444 385 457
f 148 100 64
f 444 64 100
f 148 215 198
f 198 100 148
f 336 215 364
f 215 336 198
f 405 364 19
f 364 405 336
f 79 19 201
f 19 79 405
f 347 218 201
f 79 201 218
f 347 412 371
f 371 218 347
f 49 412 452
f 371 412 49
f 51 116 452
f 452 116 49
f 175 51 118
f 175 116 51
f 222 118 179
f 222 175 118
f 300 179 62
f 222 179 300
f 423 290 130
f 423 130 152
f 424 290 423
f 152 490 213
f 490 383 213
f 423 152 213
f 182 62 421
f 421 184 182
f 182 300 62
f 439 229 507
f 439 341 356
f 229 68 380
f 385 68 356
f 439 68 229
f 439 356 68
f 211 107 380
f 385 444 211
f 380 68 211
f 211 68 385
f 320 307 107
f 444 100 320
f 107 211 320
f 444 320 211
f 492 475 307
f 198 492 100
f 320 492 307
f 100 492 320
f 135 171 475
f 135 198 336
f 135 475 492
f 198 135 492
f 408 171 367
f 336 405 367
f 135 367 171
f 367 135 336
f 408 23 168
f 79 23 405
f 367 23 408
f 405 23 367
f 204 324 168
f 218 204 79
f 204 168 23
f 204 23 79
f 78 324 426
f 218 371 426
f 324 204 426
f 204 218 426
f 110 322 78
f 49 110 371
f 426 110 78
f 371 110 426
f 238 449 322
f 116 238 49
f 238 322 110
f 49 238 110
f 139 449 411
f 175 411 116
f 449 238 411
f 116 411 238
f 451 296 139
f 222 451 175
f 411 451 139
f 175 451 411
f 55 48 296
f 222 300 55
f 451 55 296
f 55 451 222
f 48 128 115
f 55 128 48
f 122 115 96
f 96 58 122
f 115 128 96
f 58 358 184
f 358 182 184
f 358 58 96
f 75 507 424
f 75 383 341
f 424 423 75
f 75 213 383
f 423 213 75
f 439 507 75
f 341 439 75
f 419 300 182
f 55 300 419
f 419 128 55
f 96 128 419
f 358 419 182
f 358 96 419
f 289 43 428
f 289 428 72
f 102 43 284
f 428 43 102
f 212 284 33
f 212 102 284
f 280 379 33
f 212 33 379
f 106 280 29
f 106 379 280
f 306 29 277
f 29 306 106
f 474 277 26
f 474 306 277
f 274 236 26
f 26 236 474
f 274 17 406
f 406 236 274
f 166 17 271
f 406 17 166
f 14 323 271
f 271 323 166
f 14 268 77
f 14 77 323
f 11 321 268
f 268 321 77
f 265 448 11
f 11 448 321
f 8 138 265
f 265 138 448
f 295 8 291
f 295 138 8
f 47 291 45
f 291 47 295
f 287 114 45
f 45 114 47
f 36 121 287
f 417 121 36
f 121 114 287
f 59 417 352
f 59 121 417
f 420 183 461
f 352 461 183
f 59 352 183
f 377 88 191
f 377 191 487
f 340 447 88
f 88 377 340
f 333 443 447
f 447 340 333
f 386 459 443
f 443 333 386
f 66 459 445
f 386 445 459
f 150 66 101
f 66 445 101
f 199 318 150
f 199 150 101
f 368 318 338
f 199 338 318
f 478 24 368
f 368 338 478
f 205 24 82
f 82 24 478
f 220 240 205
f 82 220 205
f 414 240 373
f 373 240 220
f 50 454 414
f 414 373 50
f 117 52 454
f 454 50 117
f 120 52 176
f 52 117 176
f 180 120 223
f 176 223 120
f 63 180 299
f 180 223 299
f 141 72 363
f 72 428 363
f 141 209 487
f 487 209 377
f 141 363 209
f 63 181 420
f 420 181 183
f 181 63 299
f 212 460 102
f 333 340 460
f 382 428 102
f 382 340 377
f 363 428 382
f 382 377 209
f 363 382 209
f 382 102 460
f 460 340 382
f 210 379 106
f 386 210 445
f 106 306 355
f 445 355 101
f 210 106 355
f 355 445 210
f 474 491 306
f 101 491 199
f 306 491 355
f 101 355 491
f 216 474 236
f 199 216 338
f 216 491 474
f 216 199 491
f 236 406 365
f 338 365 478
f 216 236 365
f 216 365 338
f 20 406 166
f 478 20 82
f 406 20 365
f 478 365 20
f 323 202 166
f 202 220 82
f 20 166 202
f 82 20 202
f 348 323 77
f 373 220 348
f 323 348 202
f 348 220 202
f 321 109 77
f 109 50 373
f 348 77 109
f 348 109 373
f 237 321 448
f 237 117 50
f 237 109 321
f 237 50 109
f 448 138 410
f 117 410 176
f 237 448 410
f 237 410 117
f 450 138 295
f 450 223 176
f 450 410 138
f 410 450 176
f 54 295 47
f 299 223 54
f 450 295 54
f 54 223 450
f 47 114 127
f 127 181 299
f 127 54 47
f 127 299 54
f 97 114 121
f 97 121 59
f 127 114 97
f 59 183 357
f 181 357 183
f 127 357 181
f 97 59 357
f 357 127 97
f 212 379 67
f 386 333 67
f 212 67 460
f 67 333 460
f 210 67 379
f 210 386 67
f 417 226 352
f 352 186 461
f 186 352 226
f 313 309 463
f 461 463 309
f 461 186 463
f 466 314 313
f 466 313 463
f 314 462 310
f 466 462 314
f 464 312 310
f 310 462 464
f 312 467 308
f 308 467 465
f 464 467 312
f 42 418 225
f 418 353 225
f 38 39 125
f 417 38 125
f 125 226 417
f 39 40 124
f 125 39 124
f 40 41 126
f 126 124 40
f 416 41 42
f 416 42 225
f 126 41 416
f 190 353 465
f 190 465 467
f 225 353 190
f 189 463 186
f 463 189 466
f 185 462 466
f 185 466 189
f 464 462 188
f 462 185 188
f 187 467 464
f 187 416 225
f 190 467 187
f 187 225 190
f 464 188 187
f 187 188 416
f 226 60 186
f 226 125 60
f 125 124 60
f 189 186 60
f 189 60 185
f 61 124 126
f 416 61 126
f 416 188 61
f 61 188 185
f 60 124 61
f 60 61 185
f 3 72 384
f 384 72 141
f 141 487 346
f 141 346 384
f 297 253 98
f 487 297 98
f 487 98 346
f 76 253 245
f 76 98 253
f 251 103 245
f 245 103 76
f 247 89 251
f 251 89 103
f 247 246 84
f 490 84 246
f 84 89 247
f 7 374 130
f 130 374 152
f 415 4 3
f 384 415 3
f 378 5 4
f 415 378 4
f 6 5 425
f 425 5 378
f 196 7 6
f 196 374 7
f 196 6 425
f 152 335 490
f 84 490 335
f 335 152 374
f 384 346 354
f 354 346 98
f 76 354 98
f 349 76 103
f 349 354 76
f 84 350 89
f 196 350 374
f 335 350 84
f 374 350 335
f 497 415 384
f 415 497 378
f 384 354 497
f 497 354 349
f 89 351 103
f 349 103 351
f 351 89 350
f 351 350 196
f 425 378 495
f 425 495 196
f 497 495 378
f 349 495 497
f 196 495 351
f 349 351 495