[7,
 5,
 57,
 58,
 59,
 60,
 61,
 101,
 77,
 316,
 99,
 75,
 314,
 97,
 73,
 312,
 95,
 71,
 23,
 459,
 310,
 193,
 398,
 47,
 175,
 93,
 69,
 308,
 91,
 67,
 306,
 123,
 89,
 65,
 304,
 3,
 1,
 81,
 82,
 83,
 84,
 85,
 87,
 63,
 103,
 79,
 427,
 366,
 383,
 444,
 28,
 52,
 214,
 466,
 405,
 228,
 158,
 369,
 430,
 488,
 489,
 31,
 55,
 19,
 189,
 43,
 470,
 392,
 15,
 232,
 167,
 114,
 134,
 241,
 409,
 493,
 422,
 361,
 380,
 222,
 152,
 441,
 166,
 496,
 137,
 227,
 157,
 39,
 495,
 323,
 247,
 319,
 245,
 321,
 243,
 407,
 468,
 492,
 218,
 376,
 437,
 412,
 494,
 126,
 165,
 415,
 354,
 143,
 462,
 401,
 176,
 122,
 210,
 428,
 367,
 384,
 445,
 29,
 199,
 53,
 429,
 368,
 283,
 480,
 479,
 481,
 467,
 406,
 159,
 108,
 257,
 168,
 148,
 135,
 396,
 207,
 318,
 425,
 364,
 138,
 115,
 198,
 300,
 296,
 294,
 292,
 290,
 20,
 190,
 44,
 172,
 109,
 267,
 337,
 265,
 335,
 263,
 282,
 281,
 277,
 347,
 275,
 345,
 273,
 343,
 420,
 271,
 359,
 341,
 269,
 357,
 339,
 177,
 211,
 385,
 446,
 180,
 200,
 30,
 54,
 451,
 390,
 431,
 370,
 485,
 472,
 487,
 486,
 484,
 483,
 38,
 14,
 164,
 182,
 131,
 501,
 219,
 377,
 438,
 136,
 24,
 460,
 194,
 399,
 48,
 127,
 286,
 288,
 450,
 454,
 393,
 413,
 389,
 121,
 21,
 457,
 223,
 381,
 153,
 442,
 178,
 386,
 447,
 231,
 478,
 471,
 169,
 149,
 352,
 298,
 141,
 142,
 161,
 140,
 234,
 418,
 463,
 402,
 195,
 49,
 285,
 162,
 163,
 120,
 10,
 13,
 12,
 119,
 117,
 349,
 11,
 181,
 9,
 328,
 252,
 326,
 250,
 324,
 248,
 334,
 330,
 254,
 201,
 6,
 100,
 76,
 315,
 98,
 74,
 313,
 96,
 72,
 311,
 94,
 70,
 309,
 92,
 68,
 307,
 90,
 66,
 305,
 118,
 88,
 64,
 303,
 104,
 80,
 86,
 62,
 102,
 78,
 317,
 208,
 426,
 365,
 8,
 179,
 448,
 387,
 261,
 280,
 259,
 260,
 348,
 416,
 355,
 37,
 4,
 35,
 2,
 36,
 33,
 34,
 233,
 128,
 191,
 45,
 173,
 394,
 423,
 362,
 421,
 360,
 240,
 212,
 322,
 246,
 320,
 244,
 242,
 132,
 434,
 170,
 502,
 378,
 220,
 439,
 150,
 433,
 372,
 238,
 239,
 236,
 237,
 491,
 25,
 461,
 504,
 505,
 507,
 112,
 106,
 503,
 455,
 373,
 469,
 408,
 258,
 332,
 256,
 203,
 449,
 22,
 458,
 192,
 397,
 46,
 174,
 224,
 382,
 154,
 443,
 497,
 213,
 183,
 432,
 499,
 414,
 353,
 204,
 453,
 371,
 490,
 374,
 435,
 297,
 295,
 293,
 291,
 268,
 338,
 266,
 336,
 264,
 333,
 262,
 278,
 276,
 346,
 274,
 344,
 272,
 342,
 379,
 419,
 270,
 358,
 340,
 464,
 403,
 26,
 196,
 50,
 498,
 482,
 111,
 105,
 410,
 56,
 32,
 202,
 388,
 350,
 500,
 400,
 209,
 411,
 225,
 155,
 235,
 287,
 284,
 289,
 230,
 184,
 217,
 205,
 391,
 129,
 17,
 185,
 41,
 375,
 436,
 187,
 40,
 424,
 363,
 465,
 404,
 27,
 197,
 51,
 145,
 216,
 18,
 188,
 42,
 452,
 113,
 475,
 473,
 476,
 107,
 474,
 477,
 186,
 299,
 16,
 133,
 146,
 171,
 417,
 356,
 221,
 151,
 440,
 124,
 226,
 156,
 139,
 302,
 279,
 301,
 215,
 116,
 229,
 147,
 110,
 456,
 395,
 206,
 160,
 508,
 125,
 506,
 329,
 253,
 327,
 251,
 325,
 130,
 249,
 331,
 255,
 351,
 144]

